  0.38240848938271460        1.1769324522877369       0.42110569071430748        1.1769324522877369                1   1.1769324522877369     
  0.36502628531986386        1.1234355226382942       0.54808085760626846        1.1234355226382942                1   1.1234355226382942     
  0.34764408125701313        1.0699385929888514       0.54516090128682759        1.0699385929888514                1   1.0699385929888514     
  0.33026187719416245        1.0164416633394087       0.51790285622248622        1.0164416633394087                1   1.0164416633394087     
  0.31287967313131176       0.96294473368996603       0.49064481115814473       0.96294473368996603                1  0.96294473368996603     
  0.41581809932453606       0.90944780404052339       0.46338676609380336       0.90944780404052339                1  0.90944780404052339     
  0.54516090128682759        1.0699385929888514       0.64632144265298586        1.0699385929888514                2   1.0699385929888514     
  0.51790285622248622        1.0164416633394087       0.72756191834634676        1.0164416633394087                2   1.0164416633394087     
  0.49064481115814473       0.96294473368996603       0.69962026255836407       0.96294473368996603                2  0.96294473368996603     
  0.46338676609380336       0.90944780404052339       0.66075247019401040       0.90944780404052339                2  0.90944780404052339     
  0.51705715412238928       0.85595087439108075       0.62188467782965684       0.85595087439108075                2  0.85595087439108075     
  0.69962026255836407       0.96294473368996603       0.79701784161884381       0.96294473368996603                3  0.96294473368996603     
  0.66075247019401040       0.90944780404052339       0.85755739850220503       0.90944780404052339                3  0.90944780404052339     
  0.62188467782965684       0.85595087439108075       0.85595083697627872       0.85595087439108075                3  0.85595087439108075     
  0.59671405762608276       0.80245394474163811       0.80245390966526120       0.80245394474163811                3  0.80245394474163811     
  0.66261858526922479       0.74895701509219548       0.74895698235424368       0.74895701509219548                3  0.74895701509219548     
  0.85595083697627872       0.85595087439108075       0.91095998848969451       0.85595087439108075                4  0.85595087439108075     
  0.80245390966526120       0.80245394474163811       0.95841935840663406       0.80245394474163811                4  0.80245394474163811     
  0.74895698235424368       0.74895701509219548        1.0007813894873290       0.74895701509219548                4  0.74895701509219548     
  0.71856472885604317       0.69546008544275284       0.95721865281705609       0.69546008544275284                4  0.69546008544275284     
  0.76673548672530756       0.64196315579331020       0.88358644875420544       0.64196315579331020                4  0.64196315579331020     
  0.80852179976052252       0.58846622614386757       0.80995424469135491       0.58846622614386757                4  0.58846622614386757     
  0.95721865281705609       0.69546008544275284        1.0386699521772829       0.69546008544275284                5  0.69546008544275284     
  0.88358644875420544       0.64196315579331020        1.0725592322123261       0.64196315579331020                5  0.64196315579331020     
  0.80995424469135491       0.58846622614386757        1.1028179816669632       0.58846622614386757                5  0.58846622614386757     
  0.84487150017518031       0.53496929649442493        1.0499363273856648       0.53496929649442493                5  0.53496929649442493     
  0.87646127122919160       0.48147236684498229       0.94494269464709812       0.48147236684498229                5  0.48147236684498229     
   1.0499363273856648       0.53496929649442493        1.1297379571423898       0.53496929649442493                6  0.53496929649442493     
  0.94494269464709812       0.48147236684498229        1.1535529289827540       0.48147236684498229                6  0.48147236684498229     
  0.90379036571391191       0.42797543719553965        1.1744517977155498       0.42797543719553965                6  0.42797543719553965     
  0.92723559432651625       0.37447850754609702        1.1525263034169535       0.37447850754609702                6  0.37447850754609702     
  0.94708543788349631       0.32098157789665438       0.98787968864310238       0.32098157789665438                6  0.32098157789665438     
   1.1525263034169535       0.37447850754609702        1.1925878782656010       0.37447850754609702                7  0.37447850754609702     
  0.98787968864310238       0.32098157789665438        1.2080856040243895       0.32098157789665438                7  0.32098157789665438     
  0.96356212199944091       0.26748464824721174        1.2210454385288310       0.26748464824721174                7  0.26748464824721174     
  0.97683635082306497       0.21398771859776908        1.2315475046823496       0.21398771859776908                7  0.21398771859776908     
  0.98703733802868054       0.16049078894832641        1.0132989331470481       0.16049078894832641                7  0.16049078894832641     
   1.0132989331470481       0.16049078894832641        1.2396542690051706       0.16049078894832641                8  0.16049078894832641     
  0.99425968140739307       0.10699385929888375        1.2454125075943034       0.10699385929888375                8  0.10699385929888375     
  0.99856801396704209        5.3496929649441090E-002   1.2488547067285620        5.3496929649441090E-002           8   5.3496929649441090E-002
  0.45193730563411694        1.3909201708855079       0.56155238243981254        1.3909201708855079                9   1.3909201708855079     
  0.43455510157126626        1.3374232412360652       0.67919001303141802        1.3374232412360652                9   1.3374232412360652     
  0.41717289750841552        1.2839263115866224       0.65419308154419253        1.2839263115866224                9   1.2839263115866224     
  0.39979069344556484        1.2304293819371797       0.62693503647985116        1.2304293819371797                9   1.2304293819371797     
  0.42110569071430748        1.1769324522877369       0.59967699141550967        1.1769324522877369                9   1.1769324522877369     
  0.54808085760626846        1.1234355226382942       0.57241894635116830        1.1234355226382942                9   1.1234355226382942     
  0.65419308154419253        1.2839263115866224       0.77558573118358198        1.2839263115866224               10   1.2839263115866224     
  0.62693503647985116        1.2304293819371797       0.85792979669999225        1.2304293819371797               10   1.2304293819371797     
  0.59967699141550967        1.1769324522877369       0.85509143201577908        1.1769324522877369               10   1.1769324522877369     
  0.57241894635116830        1.1234355226382942       0.81622363965142530        1.1234355226382942               10   1.1234355226382942     
  0.64632144265298586        1.0699385929888514       0.77735584728707163        1.0699385929888514               10   1.0699385929888514     
  0.72756191834634676        1.0164416633394087       0.73848805492271796        1.0164416633394087               10   1.0164416633394087     
  0.85509143201577908        1.1769324522877369       0.92996236630950502        1.1769324522877369               11   1.1769324522877369     
  0.81622363965142530        1.1234355226382942       0.99392787790383608        1.1234355226382942               11   1.1234355226382942     
  0.77735584728707163        1.0699385929888514        1.0512998655155612        1.0699385929888514               11   1.0699385929888514     
  0.73848805492271796        1.0164416633394087        1.0164416189093326        1.0164416633394087               11   1.0164416633394087     
  0.79701784161884381       0.96294473368996603       0.96294469159831497       0.96294473368996603               11  0.96294473368996603     
  0.85755739850220503       0.90944780404052339       0.90944776428729746       0.90944780404052339               11  0.90944780404052339     
   1.0164416189093326        1.0164416633394087        1.1031075854275576        1.0164416633394087               12   1.0164416633394087     
  0.96294469159831497       0.96294473368996603        1.1501032300879606       0.96294473368996603               12  0.96294473368996603     
  0.90944776428729746       0.90944780404052339        1.1928556877199648       0.90944780404052339               12  0.90944780404052339     
  0.91095998848969451       0.85595087439108075        1.1781152650056095       0.85595087439108075               12  0.85595087439108075     
  0.95841935840663406       0.80245394474163811        1.1044830609427587       0.80245394474163811               12  0.80245394474163811     
   1.0007813894873290       0.74895701509219548        1.0308508568799080       0.74895701509219548               12  0.74895701509219548     
   1.1781152650056095       0.85595087439108075        1.2318068438798122       0.85595087439108075               13  0.85595087439108075     
   1.1044830609427587       0.80245394474163811        1.2673072502627702       0.80245394474163811               13  0.80245394474163811     
   1.0308508568799080       0.74895701509219548        1.2996397152842740       0.74895701509219548               13  0.74895701509219548     
   1.0386699521772829       0.69546008544275284        1.3290354658758956       0.69546008544275284               13  0.69546008544275284     
   1.0725592322123261       0.64196315579331020        1.2599235928627983       0.64196315579331020               13  0.64196315579331020     
   1.1028179816669632       0.58846622614386757        1.1549299601242315       0.58846622614386757               13  0.58846622614386757     
   1.2599235928627983       0.64196315579331020        1.3556855485708679       0.64196315579331020               14  0.64196315579331020     
   1.1549299601242315       0.58846622614386757        1.3797490716387510       0.58846622614386757               14  0.58846622614386757     
   1.1297379571423898       0.53496929649442493        1.4013592871952079       0.53496929649442493               14  0.53496929649442493     
   1.1535529289827540       0.48147236684498229        1.4206281568252446       0.48147236684498229               14  0.48147236684498229     
   1.1744517977155498       0.42797543719553965        1.3171729181908070       0.42797543719553965               14  0.42797543719553965     
   1.3171729181908070       0.42797543719553965        1.4376498270292690       0.42797543719553965               15  0.42797543719553965     
   1.1925878782656010       0.37447850754609702        1.4525033037435917       0.37447850754609702               15  0.37447850754609702     
   1.2080856040243895       0.32098157789665438        1.4652545262345975       0.32098157789665438               15  0.32098157789665438     
   1.2210454385288310       0.26748464824721174        1.4759579814317434       0.26748464824721174               15  0.26748464824721174     
   1.2315475046823496       0.21398771859776908        1.3510652441960662       0.21398771859776908               15  0.21398771859776908     
   1.3510652441960662       0.21398771859776908        1.4846579593594351       0.21398771859776908               16  0.21398771859776908     
   1.2396542690051706       0.16049078894832641        1.4913895221110893       0.16049078894832641               16  0.16049078894832641     
   1.2454125075943034       0.10699385929888375        1.4961792386182649       0.10699385929888375               16  0.10699385929888375     
   1.2488547067285620        5.3496929649441090E-002   1.4990457226242577        5.3496929649441090E-002          16   5.3496929649441090E-002
  0.53884832594837073        1.6584048191327216       0.55874274570446547        1.6584048191327216               17   1.6584048191327216     
  0.52146612188552000        1.6049078894832789       0.69768951996882367        1.6049078894832789               17   1.6049078894832789     
  0.50408391782266926        1.5514109598338361       0.79048330686590129        1.5514109598338361               17   1.5514109598338361     
  0.48670171375981858        1.4979140301843934       0.76322526180155981        1.4979140301843934               17   1.4979140301843934     
  0.46931950969696790        1.4444171005349506       0.73596721673721832        1.4444171005349506               17   1.4444171005349506     
  0.56155238243981254        1.3909201708855079       0.70870917167287684        1.3909201708855079               17   1.3909201708855079     
  0.67919001303141802        1.3374232412360652       0.68145112660853535        1.3374232412360652               17   1.3374232412360652     
  0.79048330686590129        1.5514109598338361       0.80970614034194843        1.5514109598338361               18   1.5514109598338361     
  0.76322526180155981        1.4979140301843934       0.90485001971417778        1.4979140301843934               18   1.4979140301843934     
  0.73596721673721832        1.4444171005349506       0.98800771235967899        1.4444171005349506               18   1.4444171005349506     
  0.70870917167287684        1.3909201708855079        1.0105626014731923        1.3909201708855079               18   1.3909201708855079     
  0.68145112660853535        1.3374232412360652       0.97169480910883865        1.3374232412360652               18   1.3374232412360652     
  0.77558573118358198        1.2839263115866224       0.93282701674448498        1.2839263115866224               18   1.2839263115866224     
  0.85792979669999225        1.2304293819371797       0.89395922438013131        1.2304293819371797               18   1.2304293819371797     
   1.0105626014731923        1.3909201708855079        1.0619986243982751        1.3909201708855079               19   1.3909201708855079     
  0.97169480910883865        1.3374232412360652        1.1286270747246927        1.3374232412360652               19   1.3374232412360652     
  0.93282701674448498        1.2839263115866224        1.1891312906553131        1.2839263115866224               19   1.2839263115866224     
  0.89395922438013131        1.2304293819371797        1.2304293281534018        1.2304293819371797               19   1.2304293819371797     
  0.92996236630950502        1.1769324522877369        1.1769324008423840        1.1769324522877369               19   1.1769324522877369     
  0.99392787790383608        1.1234355226382942        1.1234354735313665        1.1234355226382942               19   1.1234355226382942     
   1.0512998655155612        1.0699385929888514        1.0699385462203488        1.0699385929888514               19   1.0699385929888514     
   1.2304293281534018        1.2304293819371797        1.2444048923343600        1.2304293819371797               20   1.2304293819371797     
   1.1769324008423840        1.1769324522877369        1.2951177563264176        1.1769324522877369               20   1.1769324522877369     
   1.1234354735313665        1.1234355226382942        1.3417871017692868        1.1234355226382942               20   1.1234355226382942     
   1.0699385462203488        1.0699385929888514        1.3848217962008820        1.0699385929888514               20   1.0699385929888514     
   1.1031075854275576        1.0164416633394087        1.3990118771941591        1.0164416633394087               20   1.0164416633394087     
   1.1501032300879606       0.96294473368996603        1.3253796731313083       0.96294473368996603               20  0.96294473368996603     
   1.1928556877199648       0.90944780404052339        1.2517474690684578       0.90944780404052339               20  0.90944780404052339     
   1.3990118771941591        1.0164416633394087        1.4245512784830932        1.0164416633394087               21   1.0164416633394087     
   1.3253796731313083       0.96294473368996603        1.4612451676083515       0.96294473368996603               21  0.96294473368996603     
   1.2517474690684578       0.90944780404052339        1.4951269818065183       0.90944780404052339               21  0.90944780404052339     
   1.2318068438798122       0.85595087439108075        1.5263839951431433       0.85595087439108075               21  0.85595087439108075     
   1.2673072502627702       0.80245394474163811        1.5551744810691124       0.80245394474163811               21  0.80245394474163811     
   1.2996397152842740       0.74895701509219548        1.4699108583399318       0.74895701509219548               21  0.74895701509219548     
   1.3290354658758956       0.69546008544275284        1.3649172256013651       0.69546008544275284               21  0.69546008544275284     
   1.4699108583399318       0.74895701509219548        1.5816331399993457       0.74895701509219548               22  0.74895701509219548     
   1.3649172256013651       0.69546008544275284        1.6058752347414664       0.69546008544275284               22  0.69546008544275284     
   1.3556855485708679       0.64196315579331020        1.6279997870404943       0.64196315579331020               22  0.64196315579331020     
   1.3797490716387510       0.58846622614386757        1.6480920789470457       0.58846622614386757               22  0.58846622614386757     
   1.4013592871952079       0.53496929649442493        1.6464661477385056       0.53496929649442493               22  0.53496929649442493     
   1.4206281568252446       0.48147236684498229        1.4818195329646546       0.48147236684498229               22  0.48147236684498229     
   1.6464661477385056       0.53496929649442493        1.6662256305219474       0.53496929649442493               23  0.53496929649442493     
   1.4818195329646546       0.48147236684498229        1.6824637767169586       0.48147236684498229               23  0.48147236684498229     
   1.4376498270292690       0.42797543719553965        1.6968609327688842       0.42797543719553965               23  0.42797543719553965     
   1.4525033037435917       0.37447850754609702        1.7094636139403636       0.37447850754609702               23  0.37447850754609702     
   1.4652545262345975       0.32098157789665438        1.7203112586537863       0.32098157789665438               23  0.32098157789665438     
   1.4759579814317434       0.26748464824721174        1.6888315552450868       0.26748464824721174               23  0.26748464824721174     
   1.6888315552450868       0.26748464824721174        1.7294368918674268       0.26748464824721174               24  0.26748464824721174     
   1.4846579593594351       0.21398771859776908        1.7368676565269219       0.21398771859776908               24  0.21398771859776908     
   1.4913895221110893       0.16049078894832641        1.7426252341403599       0.16049078894832641               24  0.16049078894832641     
   1.4961792386182649       0.10699385929888375        1.7467261703175831       0.10699385929888375               24  0.10699385929888375     
   1.4990457226242577        5.3496929649441090E-002   1.7491821170244346        5.3496929649441090E-002          24   5.3496929649441090E-002
  0.60837714219977357        1.8723925377304926       0.70295532194526111        1.8723925377304926               25   1.8723925377304926     
  0.59099493813692283        1.8188956080810499       0.83163619864906546        1.8188956080810499               25   1.8188956080810499     
  0.57361273407407209        1.7653986784316071       0.89951548712326634        1.7653986784316071               25   1.7653986784316071     
  0.55623053001122147        1.7119017487821644       0.87225744205892497        1.7119017487821644               25   1.7119017487821644     
  0.55874274570446547        1.6584048191327216       0.84499939699458348        1.6584048191327216               25   1.6584048191327216     
  0.69768951996882367        1.6049078894832789       0.81774135193024200        1.6049078894832789               25   1.6049078894832789     
  0.89951548712326634        1.7653986784316071       0.93987632494490192        1.7653986784316071               26   1.7653986784316071     
  0.87225744205892497        1.7119017487821644        1.0341143082447739        1.7119017487821644               26   1.7119017487821644     
  0.84499939699458348        1.6584048191327216        1.1178968896447314        1.6584048191327216               26   1.6584048191327216     
  0.81774135193024200        1.6049078894832789        1.1660337709306088        1.6049078894832789               26   1.6049078894832789     
  0.80970614034194843        1.5514109598338361        1.1271659785662551        1.5514109598338361               26   1.5514109598338361     
  0.90485001971417778        1.4979140301843934        1.0882981862019012        1.4979140301843934               26   1.4979140301843934     
  0.98800771235967899        1.4444171005349506        1.0494303938375475        1.4444171005349506               26   1.4444171005349506     
   1.1660337709306088        1.6049078894832789        1.1934281152521620        1.6049078894832789               27   1.6049078894832789     
   1.1271659785662551        1.5514109598338361        1.2621901733524370        1.5514109598338361               27   1.5514109598338361     
   1.0882981862019012        1.4979140301843934        1.3252371705384467        1.4979140301843934               27   1.4979140301843934     
   1.0494303938375475        1.4444171005349506        1.3833507290930258        1.4444171005349506               27   1.4444171005349506     
   1.0619986243982751        1.3909201708855079        1.3909201100864546        1.3909201708855079               27   1.3909201708855079     
   1.1286270747246927        1.3374232412360652        1.3374231827754370        1.3374232412360652               27   1.3374232412360652     
   1.1891312906553131        1.2839263115866224        1.2839262554644193        1.2839263115866224               27   1.2839263115866224     
   1.3909201100864546        1.3909201708855079        1.4371294577120843        1.3909201708855079               28   1.3909201708855079     
   1.3374231827754370        1.3374232412360652        1.4870437363445694        1.3374232412360652               28   1.3374232412360652     
   1.2839262554644193        1.2839263115866224        1.5334709734506133        1.2839263115866224               28   1.2839263115866224     
   1.2444048923343600        1.2304293819371797        1.5767192318436691        1.2304293819371797               28   1.2304293819371797     
   1.2951177563264176        1.1769324522877369        1.6170435995210439        1.1769324522877369               28   1.1769324522877369     
   1.3417871017692868        1.1234355226382942        1.5462762853198622        1.1234355226382942               28   1.1234355226382942     
   1.3848217962008820        1.0699385929888514        1.4726440812570114        1.0699385929888514               28   1.0699385929888514     
   1.5462762853198622        1.1234355226382942        1.6546578578287483        1.1234355226382942               29   1.1234355226382942     
   1.4726440812570114        1.0699385929888514        1.6897430003503597        1.0699385929888514               29   1.0699385929888514     
   1.4245512784830932        1.0164416633394087        1.7224535828369412        1.0164416633394087               29   1.0164416633394087     
   1.4612451676083515       0.96294473368996603        1.7529225424583823       0.96294473368996603               29  0.96294473368996603     
   1.4951269818065183       0.90944780404052339        1.7812649134044798       0.90944780404052339               29  0.90944780404052339     
   1.5263839951431433       0.85595087439108075        1.6798981238170654       0.85595087439108075               29  0.85595087439108075     
   1.5551744810691124       0.80245394474163811        1.5749044910784986       0.80245394474163811               29  0.80245394474163811     
   1.6798981238170654       0.85595087439108075        1.8075807314278232       0.85595087439108075               30  0.85595087439108075     
   1.5749044910784986       0.80245394474163811        1.8319573320818867       0.80245394474163811               30  0.80245394474163811     
   1.5816331399993457       0.74895701509219548        1.8544711886530318       0.74895701509219548               30  0.74895701509219548     
   1.6058752347414664       0.69546008544275284        1.8751893956493992       0.69546008544275284               30  0.69546008544275284     
   1.6279997870404943       0.64196315579331020        1.8941708757669922       0.64196315579331020               30  0.64196315579331020     
   1.6480920789470457       0.58846622614386757        1.8111127625123593       0.58846622614386757               30  0.58846622614386757     
   1.8111127625123593       0.58846622614386757        1.9114673684601562       0.58846622614386757               31  0.58846622614386757     
   1.6662256305219474       0.53496929649442493        1.9271242439988814       0.53496929649442493               31  0.53496929649442493     
   1.6824637767169586       0.48147236684498229        1.9411811764914400       0.48147236684498229               31  0.48147236684498229     
   1.6968609327688842       0.42797543719553965        1.9536727016461295       0.42797543719553965               31  0.42797543719553965     
   1.7094636139403636       0.37447850754609702        1.9646286792638572       0.37447850754609702               31  0.37447850754609702     
   1.7203112586537863       0.32098157789665438        1.9740746760573609       0.32098157789665438               31  0.32098157789665438     
   1.7294368918674268       0.26748464824721174        1.9820322810065596       0.26748464824721174               32  0.26748464824721174     
   1.7368676565269219       0.21398771859776908        1.9885193628147859       0.21398771859776908               32  0.21398771859776908     
   1.7426252341403599       0.16049078894832641        1.9935502769337783       0.16049078894832641               32  0.16049078894832641     
   1.7467261703175831       0.10699385929888375        1.9971360279340842       0.10699385929888375               32  0.10699385929888375     
   1.7491821170244346        5.3496929649441090E-002   1.9992843916056773        5.3496929649441090E-002          32   5.3496929649441090E-002
  0.69528816251402781        2.1398771859777064       0.69528816251402736        2.1398771859777064               33   2.1398771859777064     
  0.67790595845117707        2.0863802563282636       0.84232857365971459        2.0863802563282636               33   2.0863802563282636     
  0.66052375438832633        2.0328833266788209       0.96430564662416585        2.0328833266788209               33   2.0328833266788209     
  0.64314155032547560        1.9793863970293781        1.0085476673806333        1.9793863970293781               33   1.9793863970293781     
  0.62575934626262486        1.9258894673799354       0.98128962231629180        1.9258894673799354               33   1.9258894673799354     
  0.70295532194526111        1.8723925377304926       0.95403157725195031        1.8723925377304926               33   1.8723925377304926     
  0.83163619864906546        1.8188956080810499       0.92677353218760883        1.8188956080810499               33   1.8188956080810499     
   1.0085476673806333        1.9793863970293781        1.0698268510628517        1.9793863970293781               34   1.9793863970293781     
  0.98128962231629180        1.9258894673799354        1.1633785967753700        1.9258894673799354               34   1.9258894673799354     
  0.95403157725195031        1.8723925377304926        1.2476562766448001        1.8723925377304926               34   1.8723925377304926     
  0.92677353218760883        1.8188956080810499        1.3215049403880237        1.8188956080810499               34   1.8188956080810499     
  0.93987632494490192        1.7653986784316071        1.2826371480236698        1.7653986784316071               34   1.7653986784316071     
   1.0341143082447739        1.7119017487821644        1.2437693556593161        1.7119017487821644               34   1.7119017487821644     
   1.1178968896447314        1.6584048191327216        1.2049015632949625        1.6584048191327216               34   1.6584048191327216     
   1.3215049403880237        1.8188956080810499        1.3244314881878443        1.8188956080810499               35   1.8188956080810499     
   1.2826371480236698        1.7653986784316071        1.3949435494642553        1.7653986784316071               35   1.7653986784316071     
   1.2437693556593161        1.7119017487821644        1.4601001344142692        1.7119017487821644               35   1.7119017487821644     
   1.2049015632949625        1.6584048191327216        1.5205898381474752        1.6584048191327216               35   1.6584048191327216     
   1.1934281152521620        1.6049078894832789        1.5769497982733400        1.6049078894832789               35   1.6049078894832789     
   1.2621901733524370        1.5514109598338361        1.5514108920195073        1.5514109598338361               35   1.5514109598338361     
   1.3252371705384467        1.4979140301843934        1.4979139647084898        1.4979140301843934               35   1.4979140301843934     
   1.3833507290930258        1.4444171005349506        1.4444170373974723        1.4444171005349506               35   1.4444171005349506     
   1.5514108920195073        1.5514109598338361        1.6296085522932968        1.5514109598338361               36   1.5514109598338361     
   1.4979139647084898        1.4979140301843934        1.6789143987043378        1.4979140301843934               36   1.4979140301843934     
   1.4444170373974723        1.4444171005349506        1.7251548451319394        1.4444171005349506               36   1.4444171005349506     
   1.4371294577120843        1.3909201708855079        1.7685703486782280        1.3909201708855079               36   1.3909201708855079     
   1.4870437363445694        1.3374232412360652        1.8093642733848863        1.3374232412360652               36   1.3374232412360652     
   1.5334709734506133        1.2839263115866224        1.7671728975084144        1.2839263115866224               36   1.2839263115866224     
   1.5767192318436691        1.2304293819371797        1.6935406934455637        1.2304293819371797               36   1.2304293819371797     
   1.6170435995210439        1.1769324522877369        1.6199084893827129        1.1769324522877369               36   1.1769324522877369     
   1.7671728975084144        1.2839263115866224        1.8477102658197175        1.2839263115866224               37   1.2839263115866224     
   1.6935406934455637        1.2304293819371797        1.8837578230934278        1.2304293819371797               37   1.2304293819371797     
   1.6199084893827129        1.1769324522877369        1.9176365669104181        1.1769324522877369               37   1.1769324522877369     
   1.6546578578287483        1.1234355226382942        1.9494595729264106        1.1234355226382942               37   1.1234355226382942     
   1.6897430003503597        1.0699385929888514        1.9793259982208684        1.0699385929888514               37   1.0699385929888514     
   1.7224535828369412        1.0164416633394087        1.9948790220327659        1.0164416633394087               37   1.0164416633394087     
   1.7529225424583823       0.96294473368996603        1.8898853892941991       0.96294473368996603               37  0.96294473368996603     
   1.7812649134044798       0.90944780404052339        1.7848917565556324       0.90944780404052339               37  0.90944780404052339     
   1.9948790220327659        1.0164416633394087        2.0073231790192172        1.0164416633394087               38   1.0164416633394087     
   1.8898853892941991       0.96294473368996603        2.0335283228563008       0.96294473368996603               38  0.96294473368996603     
   1.7848917565556324       0.90944780404052339        2.0580098862070293       0.90944780404052339               38  0.90944780404052339     
   1.8075807314278232       0.85595087439108075        2.0808287052588312       0.85595087439108075               38  0.85595087439108075     
   1.8319573320818867       0.80245394474163811        2.1020389307928111       0.80245394474163811               38  0.80245394474163811     
   1.8544711886530318       0.74895701509219548        2.1216888060090691       0.74895701509219548               38  0.74895701509219548     
   1.8751893956493992       0.69546008544275284        2.1398213172029013       0.69546008544275284               38  0.69546008544275284     
   1.8941708757669922       0.64196315579331020        1.9757593772862125       0.64196315579331020               38  0.64196315579331020     
   1.9757593772862125       0.64196315579331020        2.1564747405439029       0.64196315579331020               39  0.64196315579331020     
   1.9114673684601562       0.58846622614386757        2.1716831031916226       0.58846622614386757               39  0.58846622614386757     
   1.9271242439988814       0.53496929649442493        2.1854765731547570       0.53496929649442493               39  0.53496929649442493     
   1.9411811764914400       0.48147236684498229        2.1978817893518956       0.48147236684498229               39  0.48147236684498229     
   1.9536727016461295       0.42797543719553965        2.2089221410355973       0.42797543719553965               39  0.42797543719553965     
   1.9646286792638572       0.37447850754609702        2.2186180039353434       0.37447850754609702               39  0.37447850754609702     
   1.9740746760573609       0.32098157789665438        2.0265978662941042       0.32098157789665438               39  0.32098157789665438     
   2.0265978662941042       0.32098157789665438        2.2269869390391523       0.32098157789665438               40  0.32098157789665438     
   1.9820322810065596       0.26748464824721174        2.2340438587798732       0.26748464824721174               40  0.26748464824721174     
   1.9885193628147859       0.21398771859776908        2.2398011644539615       0.21398771859776908               40  0.21398771859776908     
   1.9935502769337783       0.16049078894832641        2.2442688579273971       0.16049078894832641               40  0.16049078894832641     
   1.9971360279340842       0.10699385929888375        2.2474546300364620       0.10699385929888375               40  0.10699385929888375     
   1.9992843916056773        5.3496929649441090E-002   2.2493639275399797        5.3496929649441090E-002          40   5.3496929649441090E-002
