 ARTeMiSE vous accueille!      
  0.43051882733667635        1.0393644881891304                1
  0.58781085805169131       0.95922020159947341                2
  0.73062903380519528       0.85545672886528090                3
  0.85545669692846948       0.73062907119839737                4
  0.95922017590544284       0.58781089998053904                5
   1.0393644693705530       0.43051887276874240                6
   1.0939161587254238       0.26262604151038299                7
   1.1215320002568565        8.8266485145011689E-002           8
  0.52618967785593773        1.2703343744533817                9
  0.71843549317428934        1.1723802463993565               10
  0.89299104131746088        1.0455582241686767               11
   1.0455581851347961       0.89299108702026342               12
   1.1723802149955411       0.71843554442065882               13
   1.2703343514528982       0.52618973338401853               14
   1.3370086384421846       0.32098738406824584               15
   1.3707613336472688       0.10788125962168095               16
  0.62186052837519923        1.5013042607176330               17
  0.84906012829688737        1.3855402911992394               18
   1.0553530488297265        1.2356597194720724               19
   1.2356596733411225        1.0553531028421295               20
   1.3855402540856396       0.84906018886077861               21
   1.5013042335352433       0.62186059399929461               22
   1.5801011181589455       0.37934872662610875               23
   1.6199906670376816       0.12749603409835022               24
  0.71753137889446061        1.7322741469818841               25
  0.97968476341948540        1.5987003359991223               26
   1.2177150563419921        1.4257612147754681               27
   1.4257611615474493        1.2177151186639956               28
   1.5987002931757379       0.97968483330089839               29
   1.7322741156175885       0.71753145461457069               30
   1.8231935978757063       0.43771006918397165               31
   1.8692200004280939       0.14711080857501949               32
  0.81320222941372200        1.9632440332461354               33
   1.1103093985420835        1.8118603807990055               34
   1.3800770638542579        1.6158627100788641               35
   1.6158626497537756        1.3800771344858616               36
   1.8118603322658364        1.1103094777410183               37
   1.9632439976999334       0.81320231522984676               38
   2.0662860775924674       0.49607141174183450               39
   2.1184493338185066       0.16672558305168875               40
